blake2s:0.990
equihash:0.290
lbry:170
lyra2v2:22.0
neoscrypt:0.595
qubit:0.120
quark:0.15
scrypt:0.000600
sha256:0.000456
skein:220
skunk:16.5
x17:6.0
decred:1.700
keccakc:0.46
bitcore:11
phi:10
